9.72
0.76
0.66
0.68
0.66
0.58
0.61
0.62
0.71
0.59
0.64
0.43
0.84
2.62
5.1
9.85
2.16
13.3
6.83
3.91
3.59
3.32
2.82
12.48
3.95
8.18
4.22
4.78
2.42
4.76
3.67
0.89
5
3.15
5.27
4.97
2.38
2.88
2.47
1.8
5.3
4.53
7.85
2.84
3.42
6.96
7.29
4.29
4.43
2.95
1.6
0.85
0.51
0.63
0.39
0.41
0.2
0.12
0.09
0.34
0.23
0.19
5.36
2.47
2.6
1.73
0.75
0.87
0.46
0.17
0.22
0.76
0.71
0.32
0.41
0.31
0.47
0.44
0.28
0.56
0.28
2.12
10.34
3.37
10.71
3.48
3.52
1.49
5.49
0.61
2.52
0.76
0.79
0.36
0.4
0.45
0.22
0.24
0.21
0.23
0.28
1.56
0.53
0.24
1.01
3.56
9.87
1.54
7.83
6.66
1.54
8.1
1.52
0.48
0.43
0.21
0.35
0.38
0.29
0.24
0.31
0.21
0.11
0.65
0.16
0.06
0.12
0.13
0.2
0.09
0.12
0.31
0.1
0.58
0.38
0.35
5.2
5.75
7.61
6.73
3.5
3.84
1.45
5.66
4.14
5.27
4
11.43
2.19
0.44
0.11
0.19
0.37
0.34
0.23
0.26
0.17
0.18
0.22
0.25
0.16
0.19
0.21
0.26
0.19
0.33
0.25
0.35
0.33
0.52