14.07
5.83
12.72
8.08
2.44
3.21
4.65
11.03
2.9
3.24
2.2
2
1.7
3.3
5.48
7.36
6.55
3.42
3.45
2.81
1.37
0.78
1.87
6.06
2.18
2.04
1.21
0.29
0.24
0.18
0.21
0.22
0.19
0.25
0.3
0.19
0.19
0.16
0.21
0.21
0.13
0.22
0.14
0.21
0.2
0.08
0.28
0.34
0.93
0.49
0.72
0.36
0.85
0.48
1.3
2.43
3.14
0.6
0.43
0.22
0.35
0.32
1.17
1.08
0.92
0.69
0.86
1.41
0.8
1.81
0.31
0.13
0.44
0.1
0.14
0.1
0.25
2.3
1.42
1.13
0.8
1.5
0.94
0.99
0.48
1.24
0.24
0.63
1.36
0.15
1.61
3.34
1.21
0.39
0.53
0.65
0.2
0.13
0.13
0.11
0.11
0.14
0.1
0.15
0.18
0.11
0.14
0.13
0.15
0.25
0.21
0.22
0.56
0.41
1.65
3.4
2.44
0.52
0.25
2.25
0.34
1.13
0.2
0.12
0.74
0.91
1.79
1.36
0.83
2.19
2.59
1.45
0.82
0.17
0.16
0.13
0.25
0.09
0.19
0.13
0.13
0.2
0.17
0.18
0.3
0.17
0.11
0.09
0.15
0.09
0.09
0.11
0.12
0.11
0.11
0.09
0.12
5.81
2.59
0.19
0.73
5.33
2.89
0.36
0.38
0.47
0.2
0.29
0.17
0.13
