0.48
0.29
0.3
0.28
0.3
0.34
0.29
0.25
0.32
0.31
0.34
0.24
0.24
0.28
0.29
0.25
0.27
0.19
0.2
0.33
0.22
0.15
0.22
0.2
0.13
0.2
0.28
0.17
0.24
0.2
0.15
0.16
0.16
0.14
0.19
0.14
0.13
0.14
0.15
0.19
0.19
0.18
0.19
0.19
0.14
0.11
0.19
0.11
0.11
0.11
0.12
0.1
0.09
0.16
0.13
0.13
0.11
0.14
0.11
0.1
0.15
0.11
0.16
0.1
0.13
0.18
0.1
0.14
0.12
0.11
0.12
0.14
0.1
0.17
0.09
0.16
0.13
0.13
0.16
0.15
0.12
0.14
0.13
0.11
0.12
0.16
0.12
0.16
0.09
0.12
0.1
0.17
0.16
0.15
0.1
0.15
0.11
0.12
0.1
0.16
0.13
0.12
0.11
0.14
0.08
0.12
0.18
0.09
0.14
0.11
0.13
0.12
0.15
0.13
0.07
0.14
0.11
0.13
0.14
0.1
0.13
0.1
0.17
0.15
0.15
0.11
0.14
0.11
0.13
0.09
0.16
0.14
0.12
0.16
0.13
0.13
0.09
0.12
0.13
0.12
0.15
0.12
0.1
0.12
0.19
0.06
0.14
0.1
0.15
0.11
0.11
0.11
0.15
0.15
0.14
0.22
0.15
1.73
0.29
0.45
0.13
0.23
0.14
0.19
0.16
0.09
0.15
0.15
0.23
0.23
























