0.15
0.3
0.45
0.6
0.75
0.9
1.05
1.2
1.35
1.5
1.65
1.8
1.95
2.1
2.25
2.4
2.55
2.7
2.85
3
3.15
3.3
3.45
3.6
3.75
3.9
4.05
4.2
4.35
4.5
4.65
4.8
4.95
5.1
5.25
5.4
5.55
5.7
5.85
6
6.15
6.3
6.45
6.6
6.75
6.9
7.05
7.2
7.35
7.5
7.65
7.8
7.95
8.1
8.25
8.4
8.55
8.7
8.85
9
9.15
9.3
9.45
9.6
9.75
9.9
10.05
10.2
10.35
10.5
10.65
10.8
10.95
11.1
11.25
11.4
11.55
11.7
11.85
12
12.15
12.3
12.45
12.6
12.75
12.9
13.05
13.2
13.35
13.5
13.65
13.8
13.95
14.1
14.25
14.4
14.55
14.7
14.85
15
15.15
15.3
15.45
15.6
15.75
15.9
16.05
16.2
16.35
16.5
16.65
16.8
16.95
17.1
17.25
17.4
17.55
17.7
17.85
18
18.15
18.3
18.45
18.6
18.75
18.9
19.05
19.2
19.35
19.5
19.65
19.8
19.95
20.1
20.25
20.4
20.55
20.7
20.85
21
21.15
21.3
21.45
21.6
21.75
21.9
22.05
22.2
22.35
22.5
22.65
22.8
22.95
23.1
23.25
23.4
23.55
23.7
23.85
24
24.15
24.3
24.45
24.6
24.75
24.9
25.05
25.2
25.35
25.5
























